"";"gender";"sat";"gpa";"apttest";"int1";"int2";"int3";"hired"
"1";"F";1230;3,57;70;4;3;4;0
"2";"F";1250;3,58;20;3;4;3;0
"3";"F";930;2,89;77;2;3;3;0
"4";"F";1110;3,49;85;5;3;4;0
"5";"M";1260;3,39;93;3;4;4;1
"6";"M";1370;3,41;81;2;4;4;0
"7";"F";1220;3,36;70;3;4;3;0
"8";"M";1350;3,37;82;4;4;3;0
"9";"F";1020;3,35;62;2;4;3;0
"10";"F";650;3,13;67;3;3;4;0
"11";"M";1000;3;89;2;3;4;0
"12";"M";1030;3,59;71;4;4;3;1
"13";"F";990;2,57;84;3;4;3;0
"14";"F";1030;3,38;50;5;3;4;0
"15";"F";940;2,93;52;3;3;4;0
"16";"M";1180;3,56;83;3;4;3;0
"17";"M";1430;3,73;84;4;4;3;1
"18";"F";1280;3,48;58;4;4;3;0
"19";"F";1360;3,48;78;3;3;3;0
"20";"M";1260;3,58;80;2;3;3;0
"21";"M";1180;3,5;91;3;3;3;0
"22";"F";1060;3,42;18;3;4;3;0
"23";"F";1090;3,36;94;4;4;4;1
"24";"F";1070;3,51;49;2;3;3;0
"25";"F";900;3,42;77;3;4;3;0
"26";"F";1200;3,46;87;4;3;3;0
"27";"F";1280;3,54;57;3;3;4;0
"28";"M";1350;3,53;90;4;4;4;1
"29";"M";1310;3,63;89;3;3;4;0
"30";"F";1300;3,56;73;4;4;3;1
"31";"M";930;2,86;87;3;3;4;0
"32";"F";1240;3,61;69;2;4;3;0
"33";"F";810;3,13;58;3;3;3;0
"34";"F";810;3;66;2;3;3;0
"35";"M";1200;3,51;90;3;4;4;0
"36";"F";1260;3,58;84;3;4;3;1
"37";"F";1370;3,48;79;3;3;4;0
"38";"F";1060;3,48;82;4;4;2;1
"39";"F";1060;3,51;61;4;4;4;0
"40";"F";1250;3,39;34;2;3;3;0
"41";"M";1010;3,38;87;2;4;3;0
"42";"M";1270;3,47;81;4;4;4;1
"43";"F";880;3,1;84;4;3;3;0
"44";"M";1080;3,36;88;2;3;3;0
"45";"M";1140;3,51;90;2;4;3;0
"46";"F";710;3,06;84;3;4;3;0
"47";"F";960;3,07;65;3;3;3;0
"48";"F";1020;3,58;46;3;3;3;0
"49";"M";760;3,08;71;2;4;3;0
"50";"M";1260;3,41;85;4;4;4;1
"51";"F";1090;3,51;50;3;4;4;0
"52";"M";900;2,66;82;2;4;3;0
"53";"M";1270;3,35;87;3;4;4;0
"54";"F";990;3,1;77;3;4;3;0
"55";"F";1270;3,59;80;4;4;4;1
"56";"M";830;3,13;90;4;4;3;1
"57";"M";1100;3,46;82;4;4;4;0
"58";"F";1140;3,65;89;4;4;4;1
"59";"M";1280;3,5;86;3;4;4;1
"60";"M";1300;3,69;93;4;3;4;0
"61";"M";1330;3,53;83;4;4;3;0
"62";"M";1040;3,48;93;3;3;3;0
"63";"F";1060;3,6;83;2;2;3;0
"64";"M";1090;3,55;86;4;4;4;1
"65";"M";1360;3,44;81;4;4;3;1
"66";"M";970;3,18;83;4;4;4;1
"67";"M";980;3,37;84;2;4;3;0
"68";"F";1180;3,57;77;4;3;3;0
"69";"F";1310;3,56;87;4;4;4;1
"70";"F";1300;3,54;77;1;4;3;0
"71";"M";1380;3,46;87;4;3;4;0
"72";"F";660;3,11;72;3;2;4;0
"73";"F";1020;3,49;83;4;3;4;0
"74";"M";1250;3,59;82;4;4;4;1
"75";"M";1240;3,61;90;4;4;4;1
"76";"F";1320;3,53;78;3;3;3;0
"77";"M";810;3,15;85;2;3;3;0
"78";"M";1060;3,42;92;4;4;3;0
"79";"M";1350;3,58;90;4;4;3;1
"80";"F";1280;3,51;79;4;3;3;0
"81";"F";970;2,81;60;3;3;3;0
"82";"F";1170;3,61;83;4;4;4;1
"83";"F";1190;3,34;73;3;3;3;0
"84";"M";1340;3,43;87;3;3;3;0
"85";"F";1600;3,55;78;3;3;3;0
"86";"F";1230;3,36;69;3;4;3;0
"87";"F";1290;3,77;77;3;3;3;0
"88";"M";1160;3,41;95;4;4;3;0
"89";"M";610;3,12;87;4;3;4;0
"90";"F";800;2,79;42;5;3;3;0
"91";"M";1170;3,54;21;3;4;3;0
"92";"M";820;3,5;76;4;4;4;1
"93";"F";870;3,03;65;3;4;4;0
"94";"F";940;3,17;66;3;4;3;0
"95";"M";1460;3,33;90;4;4;4;0
"96";"M";1330;3,72;40;4;3;4;0
"97";"F";1070;3,57;51;3;4;3;0
"98";"F";1060;3,45;46;3;3;4;0
"99";"F";1000;3,19;59;3;3;3;0
"100";"F";1160;3,53;81;3;3;3;0
"101";"F";730;2,84;45;3;4;3;0
"102";"F";1340;3,43;72;2;3;3;0
"103";"F";670;3,19;41;3;4;4;0
"104";"M";1010;3,33;44;3;3;4;0
"105";"F";1280;3,39;73;2;3;3;0
"106";"F";1410;3,41;80;3;4;4;0
"107";"F";1120;3,61;55;3;3;3;0
"108";"F";790;2,89;27;3;3;3;0
"109";"M";1110;3,55;71;3;4;4;0
"110";"M";690;3,19;68;4;4;4;1
"111";"M";1070;3,46;74;3;4;4;0
"112";"M";1310;3,47;33;4;3;4;0
"113";"M";1410;3,61;82;4;4;4;1
"114";"M";1150;3,4;66;4;4;3;0
"115";"M";1150;3,56;31;3;3;3;0
"116";"F";1230;3,41;61;2;4;3;0
"117";"F";1160;3,57;63;3;4;4;0
"118";"M";1110;3,63;79;4;4;4;1
"119";"M";840;2,98;32;2;2;3;0
"120";"F";1020;3,46;78;4;3;4;1
"121";"M";1300;3,55;61;4;4;3;1
"122";"F";790;2,96;67;4;3;3;0
"123";"M";950;3,18;47;3;3;3;0
"124";"F";1120;3,28;54;4;3;4;0
"125";"F";1110;3,53;56;4;3;3;0
"126";"F";1170;3,53;49;3;4;3;0
"127";"F";1230;3,54;58;3;5;3;0
"128";"M";890;3,17;57;3;4;3;0
"129";"F";790;3,05;51;2;3;3;0
"130";"M";820;2,95;63;3;4;3;0
"131";"F";1370;3,62;89;4;4;3;0
"132";"F";1160;3,4;58;3;4;3;0
"133";"M";960;3,14;29;3;3;4;0
"134";"M";1130;3,64;53;3;4;4;0
"135";"F";1240;3,4;77;4;4;2;1
"136";"F";1290;3,34;37;4;5;3;0
"137";"M";920;3,09;44;3;2;4;0
"138";"F";1230;3,72;29;3;4;3;0
"139";"F";1590;3,58;78;4;4;4;1
"140";"F";920;3,29;55;3;4;3;0
"141";"M";1300;3,58;86;4;4;4;0
"142";"F";1200;3,56;87;3;4;3;0
"143";"F";1170;3,48;65;3;3;4;0
"144";"F";1060;3,6;56;3;3;3;0
"145";"M";880;2,97;58;4;3;4;0
"146";"M";1160;3,64;70;3;3;4;0
"147";"F";1500;3,34;80;5;4;3;0
"148";"F";1240;3,39;59;2;3;3;0
"149";"M";1070;3,43;89;3;3;4;0
"150";"M";1340;3,55;78;4;4;4;1
"151";"M";1190;3,27;60;4;3;3;0
"152";"F";880;3,08;33;3;3;4;0
"153";"F";1060;3,48;55;5;4;3;0
"154";"F";1550;3,35;35;3;4;3;0
"155";"M";1330;3,47;72;2;3;4;0
"156";"M";1160;3,34;72;3;3;3;0
"157";"M";900;3,55;66;3;3;3;0
"158";"F";1020;3,62;67;3;3;4;0
"159";"M";1330;3,47;61;4;4;3;1
"160";"F";830;2,84;54;3;4;3;0
"161";"F";1530;3,48;45;4;4;4;0
"162";"F";920;3,16;20;3;3;4;0
"163";"F";950;3,18;61;3;3;3;0
"164";"M";1040;3,65;62;3;3;3;0
"165";"M";1480;3,41;91;2;3;4;0
"166";"F";1140;3,35;72;3;3;3;0
"167";"M";1260;3,44;81;3;4;4;0
"168";"F";1250;3,43;74;2;2;3;0
"169";"M";1150;3,54;43;2;3;4;0
"170";"M";1310;3,47;76;3;4;3;0
"171";"M";1170;3,36;67;4;4;4;1
"172";"M";780;3,01;49;3;3;3;0
"173";"F";1080;3,48;54;4;3;3;0
"174";"F";580;2,96;64;4;4;3;1
"175";"F";1000;2,81;51;3;4;3;0
"176";"F";1340;3,56;62;3;4;3;0
"177";"M";1010;3,37;52;3;4;4;0
"178";"F";1600;3,6;87;3;2;3;0
"179";"M";1040;3,57;81;4;4;3;1
"180";"M";1060;3,65;56;4;3;3;0
"181";"M";1030;3,47;55;3;3;4;0
"182";"F";1070;3,54;44;5;4;4;0
"183";"F";1340;3,41;88;4;4;4;1
"184";"F";750;2,82;56;3;4;3;0
"185";"M";950;3,05;65;4;4;2;1
"186";"F";980;3,35;68;4;4;4;1
"187";"F";1160;3,47;51;2;4;4;0
"188";"M";1090;3,39;58;4;4;3;0
"189";"F";900;3,11;52;3;3;3;0
"190";"M";1220;3,61;53;4;4;3;0
"191";"M";1510;3,36;84;2;4;4;0
"192";"M";1300;3,56;37;5;3;4;0
"193";"M";790;3,41;62;4;2;4;0
"194";"M";1140;3,43;79;4;4;3;1
"195";"M";1090;3,4;69;3;4;3;0
"196";"M";990;2,98;76;4;4;3;1
"197";"M";900;3,22;50;4;4;3;0
"198";"M";1380;3,65;77;4;4;4;1
"199";"F";1010;3,51;78;4;4;3;1
"200";"F";930;3,12;24;3;3;4;0
"201";"F";1050;3,53;73;4;4;3;1
"202";"M";1130;3,52;55;4;4;4;0
"203";"F";1220;3,57;55;3;3;4;0
"204";"F";1130;3,65;63;3;4;4;0
"205";"F";940;3,17;57;2;4;3;0
"206";"M";1340;3,51;70;3;4;3;0
"207";"F";1240;3,62;90;4;4;3;1
"208";"F";1280;3,27;67;4;4;4;1
"209";"M";1260;3,56;36;2;4;3;0
"210";"F";1380;3,54;77;4;4;4;1
"211";"M";850;3,14;64;4;4;3;0
"212";"M";1110;3,52;44;3;4;3;0
"213";"M";820;3,26;63;3;4;3;0
"214";"M";1460;3,51;70;4;4;3;0
"215";"M";1390;3,45;72;2;4;3;0
"216";"M";1340;3,44;52;4;4;4;0
"217";"M";1100;3,61;46;3;3;3;0
"218";"M";1310;3,48;84;3;3;2;0
"219";"M";1260;3,62;42;2;5;3;0
"220";"M";1130;3,46;63;4;4;3;1
"221";"M";1330;3,4;71;4;3;2;0
"222";"M";1270;3,64;74;4;4;3;0
"223";"F";1030;3,49;27;3;4;4;0
"224";"F";1200;3,62;55;3;3;3;0
"225";"M";830;3,1;76;4;3;3;0
"226";"M";760;3,29;43;3;3;4;0
"227";"M";1510;3,38;71;3;3;3;0
"228";"M";920;3,2;26;4;4;3;1
"229";"F";1260;3,54;75;3;3;4;0
"230";"F";1100;3,47;41;5;3;4;0
"231";"F";1370;3,7;71;2;4;4;0
"232";"F";970;3,1;44;4;3;4;0
"233";"F";960;3,08;54;4;3;4;0
"234";"M";1230;3,63;64;3;3;3;0
"235";"M";950;2,84;51;2;4;3;0
"236";"F";1110;3,56;71;2;3;3;0
"237";"M";1260;3,45;71;3;4;3;0
"238";"M";1240;3,6;57;4;3;3;0
"239";"F";900;2,97;26;4;3;3;0
"240";"M";1000;3,05;65;3;3;3;0
"241";"M";880;3,29;30;2;3;3;0
"242";"F";950;3,26;81;3;4;4;1
"243";"F";960;2,94;66;3;4;3;0
"244";"F";1270;3,57;76;3;3;2;0
"245";"F";1030;3,36;70;4;4;3;1
"246";"F";820;3;61;4;4;4;1
"247";"F";1140;3,62;57;3;3;4;0
"248";"M";1290;3,59;52;3;3;4;0
"249";"M";1110;3,48;50;2;3;3;0
"250";"F";1390;3,73;47;3;3;3;0
"251";"F";1230;3,6;86;3;4;4;0
"252";"F";720;3,45;50;2;3;4;0
"253";"M";900;2,82;82;4;4;4;1
"254";"F";1150;3,45;69;2;3;4;0
"255";"M";1180;3,59;21;3;3;3;0
"256";"F";1120;3,54;46;2;3;4;0
"257";"M";1400;3,48;43;2;4;4;0
"258";"F";1390;3,17;66;3;4;3;0
"259";"F";760;3,14;57;3;3;4;0
"260";"M";970;3,16;57;4;3;4;0
"261";"F";760;3;67;2;3;4;0
"262";"F";840;2,83;54;3;3;4;0
"263";"M";1100;3,46;54;4;4;3;0
"264";"M";1210;3,5;73;2;3;4;0
"265";"M";1120;3,57;32;4;4;3;0
"266";"M";890;3,02;68;4;4;4;0
"267";"M";1110;3,54;45;3;3;3;0
"268";"M";900;3,64;41;3;3;4;0
"269";"M";1400;3,65;81;4;4;4;1
"270";"F";1150;3,49;74;4;4;3;1
"271";"F";1070;3,39;43;2;3;4;0
"272";"F";1150;3,45;83;4;4;4;1
"273";"F";990;3,08;59;4;3;3;0
"274";"M";950;3,06;71;1;3;3;0
"275";"F";1340;3,48;86;3;3;3;0
"276";"M";860;3,14;58;2;3;4;0
"277";"F";960;2,87;43;3;2;4;0
"278";"M";1410;3,44;73;3;3;4;0
"279";"M";1150;3,31;54;3;4;3;0
"280";"M";950;3,25;25;3;3;3;0
"281";"M";980;3,24;68;4;4;3;1
"282";"M";840;3,03;83;3;4;3;0
"283";"F";960;3,11;48;3;4;4;0
"284";"F";1220;3,56;75;4;4;3;1
"285";"F";1050;3,58;35;4;3;4;0
"286";"F";900;3;46;2;4;3;0
"287";"F";970;3,24;67;3;4;3;0
"288";"M";830;2,77;42;2;4;3;0
"289";"F";1200;3,43;58;3;4;3;0
"290";"M";1490;3,54;33;3;4;3;0
"291";"M";1470;3,47;82;4;4;4;1
"292";"M";1190;3,47;93;4;4;4;1
"293";"F";1100;3,56;80;4;4;4;1
"294";"F";1280;3,54;87;4;3;4;0
"295";"M";960;3,06;50;2;3;3;0
"296";"M";1350;3,44;86;3;4;4;0
"297";"M";1140;3,43;69;4;4;3;1
"298";"F";1370;3,55;39;2;3;3;0
"299";"M";970;3,22;55;3;4;3;0
"300";"F";1030;3,4;91;3;4;3;0
"301";"F";970;3,44;68;3;4;3;0
"302";"F";1180;3,43;62;4;3;3;0
"303";"F";1000;2,92;80;4;4;4;0
"304";"M";860;2,88;37;2;4;4;0
"305";"M";1260;3,64;79;4;4;4;1
"306";"F";1020;3,52;46;2;3;3;0
"307";"F";940;3,08;29;4;3;3;0
"308";"F";860;3,09;65;3;3;3;0
"309";"M";1320;3,46;84;2;3;4;0
"310";"M";1130;3,38;48;4;2;3;0
"311";"F";1020;3,57;34;2;3;3;0
"312";"M";900;3,25;78;3;3;3;0
"313";"F";1480;3,44;45;4;4;4;1
"314";"F";480;3,08;51;3;3;4;0
"315";"M";990;2,99;72;4;4;4;1
"316";"F";1300;3,51;73;4;2;4;0
"317";"M";1180;3,62;85;4;4;4;0
"318";"M";1380;3,48;80;3;3;4;0
"319";"M";890;3,48;54;3;3;4;0
"320";"M";1190;3,6;76;4;2;3;0
"321";"F";990;3,03;62;4;4;3;1
"322";"F";1430;3,39;83;3;4;4;0
"323";"M";1160;3,32;78;2;3;4;0
"324";"F";830;3,28;64;4;4;3;1
"325";"M";1170;3,53;56;3;4;4;0
"326";"F";1220;3,62;80;4;4;5;1
"327";"F";1320;3,45;57;3;3;4;0
"328";"F";1450;3,47;72;4;4;3;0
"329";"F";1150;3,59;33;2;4;4;0
"330";"M";870;3,25;68;3;3;3;0
"331";"F";1370;3,45;45;3;4;4;0
"332";"M";1240;3,39;76;4;4;3;1
"333";"M";1250;3,42;92;4;4;4;1
"334";"F";1020;3,48;33;4;4;4;0
"335";"F";1120;3,35;79;4;4;3;0
"336";"M";1090;3,58;56;4;3;3;0
"337";"F";1040;3,56;38;2;3;3;0
"338";"F";1010;3,58;63;2;3;3;0
"339";"M";1260;3,65;72;4;4;4;1
"340";"F";1070;3,6;43;3;3;3;0
"341";"M";840;3,01;58;3;3;3;0
"342";"M";1150;3,64;78;4;4;3;1
"343";"F";1280;3,46;67;3;3;4;0
"344";"M";1180;3,62;64;4;4;3;1
"345";"F";1070;3,36;39;3;4;4;0
"346";"F";1240;3,56;43;4;3;3;0
"347";"F";810;3,43;69;3;4;4;0
"348";"F";1270;3,67;50;4;4;4;0
"349";"M";1090;3,71;73;3;4;3;0
"350";"F";980;2,87;71;3;4;4;0
"351";"M";1100;3,53;96;4;4;4;1
"352";"M";1210;3,58;83;4;5;4;1
"353";"M";1150;3,39;54;2;3;3;0
"354";"M";960;2,91;39;4;4;3;0
"355";"M";890;3,33;55;2;3;3;0
"356";"F";940;2,79;69;2;3;4;0
"357";"M";1260;3,35;59;3;3;3;0
"358";"F";1270;3,5;63;2;3;3;0
"359";"F";1270;3,53;76;3;4;4;0
"360";"F";1360;3,49;46;2;4;4;0
"361";"F";1040;3,42;66;3;3;3;0
"362";"M";1410;3,38;70;2;2;3;0
"363";"M";1260;3,59;91;3;3;3;0
"364";"F";900;3,23;8;2;2;3;0
"365";"M";1340;3,6;54;3;3;3;0
"366";"F";740;3,14;12;3;4;3;0
"367";"F";1020;3,48;53;4;4;3;0
"368";"F";1230;3,67;78;5;3;4;0
"369";"F";1170;3,5;55;2;4;3;0
"370";"M";820;3,25;56;3;3;3;0
"371";"F";1420;3,6;74;3;3;4;0
"372";"M";740;3,26;48;3;4;4;0
"373";"M";1240;3,43;85;2;3;3;0
"374";"M";1150;3,56;63;3;4;3;0
"375";"F";1370;3,57;69;4;4;3;1
"376";"F";1430;3,53;97;3;4;3;0
"377";"M";1320;3,61;72;3;3;3;0
"378";"F";910;2,97;59;4;4;3;0
"379";"F";1240;3,49;70;4;4;4;1
"380";"F";960;2,96;70;4;4;4;1
"381";"M";910;3,26;32;2;3;4;0
"382";"M";1100;3,3;73;3;3;3;0
"383";"F";1170;3,47;82;4;4;4;1
"384";"M";1080;3,58;82;3;3;4;0
"385";"M";860;3,28;63;3;3;3;0
"386";"M";1350;3,31;65;3;4;3;0
"387";"F";910;2,88;60;3;3;3;0
"388";"F";880;2,85;64;4;4;4;0
"389";"M";1080;3,33;72;3;3;3;0
"390";"M";890;2,89;37;3;3;3;0
"391";"M";1190;3,5;96;4;4;3;1
"392";"M";930;3,1;68;4;4;4;1
"393";"M";930;3,1;66;4;4;4;1
"394";"F";1390;3,51;75;3;3;3;0
"395";"F";1170;3,62;32;3;3;3;0
"396";"F";1110;3,49;58;4;3;4;0
"397";"F";1110;3,55;73;3;3;3;0
"398";"F";1140;3,53;59;3;3;3;0
"399";"F";920;3,57;59;2;4;3;0
"400";"M";1190;3,57;49;4;4;3;0
"401";"F";1270;3,59;75;4;3;4;0
"402";"M";440;3,21;52;4;3;3;0
"403";"M";1280;3,37;60;2;4;3;0
"404";"F";1090;3,43;62;4;4;3;1
"405";"M";970;3,07;22;4;3;3;0
"406";"M";1150;3,59;69;3;3;3;0
"407";"M";810;2,99;58;4;4;3;0
"408";"F";920;2,99;57;3;3;3;0
"409";"M";1070;3,28;40;4;4;4;0
"410";"M";740;2,98;50;3;4;3;0
"411";"M";1040;3,24;23;3;5;3;0
"412";"F";1040;3,51;59;3;4;3;0
"413";"M";990;2,88;38;3;4;4;0
"414";"M";790;3,13;45;2;4;2;0
"415";"F";1220;3,5;89;3;3;4;0
"416";"F";1370;3,47;76;4;5;3;1
"417";"M";1280;3,58;39;2;3;4;0
"418";"M";750;2,46;58;3;3;3;0
"419";"M";1260;3,62;77;3;4;3;0
"420";"F";750;2,87;63;4;4;3;0
"421";"M";930;3,3;87;3;4;3;0
"422";"F";1360;3,6;64;4;3;3;0
"423";"F";1070;3,48;50;3;3;3;0
"424";"F";1100;3,5;43;3;3;3;0
"425";"M";1010;3,53;33;4;3;3;0
"426";"F";1220;3,29;72;3;4;3;0
"427";"F";1160;3,4;71;3;4;4;0
"428";"F";1100;3,58;65;2;4;4;0
"429";"M";1180;3,52;45;3;3;4;0
"430";"F";1190;3,37;66;3;3;3;0
"431";"M";1320;3,63;67;4;3;3;0
"432";"F";890;3,13;62;3;4;3;0
"433";"M";1380;3,55;79;3;4;4;1
"434";"F";1020;3,44;41;1;4;4;0
"435";"M";1130;3,5;40;2;3;4;0
"436";"M";1220;3,51;68;2;4;4;0
"437";"M";980;3,21;76;2;4;3;0
"438";"M";1420;3,47;75;2;4;4;0
"439";"F";1180;3,48;24;3;4;4;0
"440";"F";1250;3,49;76;3;3;3;0
"441";"F";940;2,98;49;3;3;4;0
"442";"F";980;3,38;51;4;4;3;0
"443";"F";1250;3,57;21;3;4;3;0
"444";"F";670;3,04;59;4;3;4;0
"445";"M";1090;3,6;49;2;4;3;0
"446";"F";1240;3,56;57;3;4;4;0
"447";"M";980;3,22;62;3;3;3;0
"448";"M";1170;3,67;62;4;4;4;1
"449";"M";910;3,1;51;3;3;3;0
"450";"M";1080;3,56;32;2;3;4;0
"451";"M";1250;3,53;92;4;3;4;0
"452";"F";1050;3,58;51;3;4;3;0
"453";"F";1040;3,49;52;4;4;3;0
"454";"M";790;3,2;66;2;3;4;0
"455";"F";1020;3,57;39;2;4;3;0
"456";"M";890;3,01;81;4;4;3;1
"457";"F";1230;3,7;85;3;3;4;0
"458";"F";980;3,35;55;2;4;4;0
"459";"M";1010;3,48;89;4;4;4;1
"460";"F";1250;3,6;57;2;3;4;0
"461";"F";1040;3,5;73;3;3;3;0
"462";"F";940;3;60;4;3;3;0
"463";"F";1040;3,43;57;4;4;3;0
"464";"M";1120;3,61;70;4;4;3;1
"465";"F";1070;3,55;59;3;2;3;0
"466";"M";1010;3,47;43;3;5;2;0
"467";"M";1210;3,68;46;4;3;3;0
"468";"F";1470;3,31;80;3;4;4;0
"469";"F";1040;3,49;33;3;3;4;0
"470";"M";1510;3,48;74;4;4;4;1
"471";"F";1080;3,49;61;3;3;3;0
"472";"M";1310;3,51;83;5;3;4;0
"473";"F";870;3,67;61;3;2;3;0
"474";"F";970;3,07;45;3;5;4;0
"475";"M";920;3,13;57;3;4;4;0
"476";"M";1140;3,69;9;2;4;3;0
"477";"F";1280;3,29;43;2;3;3;0
"478";"F";960;2,98;65;4;4;4;1
"479";"M";610;3,25;62;4;4;4;1
"480";"F";1300;3,6;73;4;3;3;0
"481";"F";880;3,14;41;2;4;4;0
"482";"F";860;3,23;68;2;4;4;0
"483";"M";1170;3,42;70;3;4;4;0
"484";"F";1290;3,59;50;3;3;3;0
"485";"F";1080;3,46;31;3;3;5;0
"486";"M";1150;3,59;77;3;3;4;0
"487";"M";1360;3,48;57;5;4;3;0
"488";"F";1130;3,44;63;5;4;3;1
"489";"F";740;3,24;53;4;3;3;0
"490";"M";1150;3,38;38;2;4;4;0
"491";"M";900;2,95;54;3;3;4;0
"492";"F";1140;3,4;77;4;4;4;1
"493";"F";1120;3,46;76;3;3;3;0
"494";"M";1170;3,5;75;4;3;3;0
"495";"F";1050;3,55;47;2;4;4;0
"496";"F";1030;3,49;31;3;3;3;0
"497";"M";1020;3,62;69;3;2;3;0
"498";"M";980;3,27;61;4;4;3;1
"499";"F";1430;3,38;60;3;3;4;0
"500";"F";1350;3,56;52;2;4;3;0
"501";"M";870;2,86;31;3;3;4;0
"502";"M";1160;3,59;70;2;4;3;0
"503";"M";1090;3,55;41;3;3;4;0
"504";"M";1280;3,49;48;3;4;4;0
"505";"M";1270;3,45;18;4;3;3;0
"506";"M";870;3,13;68;4;4;3;0
"507";"M";1330;3,36;37;3;2;4;0
"508";"F";910;3,28;63;3;4;3;0
"509";"M";1080;3,35;50;4;4;3;0
"510";"M";1330;3,57;90;4;4;3;1
"511";"M";1370;3,47;96;3;3;4;0
"512";"F";1490;3,35;98;2;4;3;0
"513";"F";1080;3,55;52;2;3;3;0
"514";"M";670;2,78;68;3;3;4;0
"515";"F";880;3,01;95;3;3;4;0
"516";"M";1020;3,58;56;4;4;3;0
"517";"M";630;3,02;49;3;3;2;0
"518";"F";1320;3,28;79;4;3;3;0
"519";"F";1200;3,68;75;4;3;3;0
"520";"M";660;2,69;68;4;3;3;0
"521";"M";1110;3,62;47;2;3;3;0
"522";"F";1210;3,37;82;2;4;4;0
"523";"M";1120;3,42;26;3;3;3;0
"524";"M";1000;3,06;81;4;4;4;1
"525";"F";1240;3,52;40;4;4;3;0
"526";"F";1250;3,54;85;4;4;4;1
"527";"M";1130;3,38;81;4;4;4;1
"528";"F";1130;3,44;58;4;3;3;0
"529";"F";1300;3,81;81;4;4;4;1
"530";"F";920;3,38;48;4;2;3;0
"531";"F";890;2,82;37;4;4;4;1
"532";"F";1080;3,59;80;2;4;3;0
"533";"F";1210;3,64;61;4;4;4;1
"534";"F";1340;3,42;48;4;4;4;1
"535";"M";1130;3,47;78;4;4;3;1
"536";"F";1210;3,36;57;3;3;4;0
"537";"M";1090;3,54;62;4;4;3;1
"538";"F";1040;3,49;61;3;4;3;0
"539";"F";1210;3,73;79;3;4;3;1
"540";"F";1380;3,47;29;4;4;3;0
"541";"M";1070;3,5;75;2;2;3;0
"542";"F";550;2,88;34;2;4;3;0
"543";"M";1250;3,41;65;4;3;4;0
"544";"F";1020;3,52;59;4;3;3;0
"545";"M";820;3,02;57;2;4;4;0
"546";"F";1220;3,42;60;4;3;4;0
"547";"M";850;3,09;60;3;3;3;0
"548";"M";1120;3,4;61;3;3;4;0
"549";"F";1090;3,49;61;3;4;4;0
"550";"F";1080;3,41;33;4;3;4;0
"551";"M";1200;3,41;76;4;4;4;1
"552";"M";680;3,12;29;3;4;3;0
"553";"M";1570;3,55;76;4;4;3;1
"554";"F";1080;3,61;50;4;4;3;0
"555";"M";950;3,14;58;4;3;4;0
"556";"F";910;3,04;66;3;3;3;0
"557";"F";1190;3,59;75;4;4;4;1
"558";"M";810;3,57;35;2;4;3;0
"559";"M";820;3,01;81;3;4;4;0
"560";"M";880;2,83;58;1;3;4;0
"561";"M";1340;3,5;80;4;4;4;1
"562";"F";1300;3,51;56;3;3;4;0
"563";"F";1110;3,42;82;3;3;3;0
"564";"F";1190;3,53;54;2;3;3;0
"565";"F";1100;3,6;61;3;4;4;0
"566";"F";1480;3,4;86;4;4;4;1
"567";"F";1320;3,6;78;4;4;4;1
"568";"M";1370;3,54;51;2;3;4;0
"569";"F";1140;3,36;71;4;4;4;1
"570";"M";1230;3,52;48;2;3;3;0
"571";"M";810;2,79;54;3;3;3;0
"572";"F";1340;3,63;53;3;3;3;0
"573";"M";1010;3,49;34;5;3;4;0
"574";"M";1000;3,06;77;3;2;4;0
"575";"F";1100;3,34;51;3;3;3;0
"576";"M";1060;3,66;40;3;3;4;0
"577";"M";950;2,99;84;4;4;3;0
"578";"F";1190;3,42;52;3;4;4;0
"579";"F";950;3,31;41;3;4;3;0
"580";"M";940;3,06;62;3;3;3;0
"581";"M";1000;3,12;55;2;4;3;0
"582";"M";900;2,78;58;3;3;3;0
"583";"M";1080;3,4;79;3;2;3;0
"584";"F";1030;3,44;69;4;3;4;0
"585";"M";990;3,05;76;4;5;4;1
"586";"M";1140;3,4;55;3;3;3;0
"587";"M";690;3,05;49;3;3;3;0
"588";"F";1100;3,52;60;4;4;4;1
"589";"M";1230;3,53;46;3;2;3;0
"590";"M";1230;3,46;49;4;3;3;0
"591";"M";1280;3,58;71;4;4;3;1
"592";"M";1500;3,54;41;4;4;4;0
"593";"M";1190;3,37;97;3;3;3;0
"594";"F";920;2,82;27;4;3;3;0
"595";"F";1330;3,57;74;3;3;3;0
"596";"M";850;2,92;47;4;4;3;1
"597";"F";1120;3,37;66;3;4;3;0
"598";"M";1130;3,49;74;3;4;4;1
"599";"F";1320;3,47;83;4;3;3;0
"600";"M";1490;3,42;82;3;4;4;0
"601";"F";710;2,93;53;3;4;4;0
"602";"M";1290;3,61;42;3;3;3;0
"603";"F";840;3,27;60;3;3;4;0
"604";"F";1440;3,5;81;3;4;3;0
"605";"M";1300;3,55;72;2;3;3;0
"606";"M";1140;3,5;52;3;3;3;0
"607";"M";980;3,21;65;4;4;4;1
"608";"M";570;3,24;59;4;3;4;0
"609";"F";1300;3,41;76;3;2;3;0
"610";"M";1310;3,56;82;4;4;4;1
"611";"F";1100;3,42;59;4;2;3;0
"612";"M";1380;3,58;71;4;4;3;1
"613";"F";830;3,38;65;4;4;3;1
"614";"F";1310;3,74;77;3;3;3;0
"615";"F";1230;3,53;50;3;4;3;0
"616";"M";560;3,04;66;4;4;3;1
"617";"M";1020;3,57;44;2;4;4;0
"618";"F";840;3,34;55;4;2;3;0
"619";"F";1280;3,54;64;3;3;3;0
"620";"M";900;3,05;37;3;3;3;0
"621";"M";1240;3,63;42;3;3;4;0
"622";"F";960;3,33;59;3;4;3;0
"623";"F";1080;3,38;66;3;4;4;0
"624";"F";1340;3,4;62;4;4;4;1
"625";"M";910;2,85;60;4;4;4;1
"626";"F";1410;3,51;60;2;3;3;0
"627";"F";1250;3,49;50;3;3;3;0
"628";"F";1340;3,38;76;4;4;3;1
"629";"M";1310;3,32;72;2;3;4;0
"630";"M";600;2,98;65;4;5;3;0
"631";"F";1020;3,45;43;3;3;3;0
"632";"F";760;3,28;29;3;4;4;0
"633";"M";1200;3,66;44;2;4;3;0
"634";"M";1290;3,72;54;4;3;3;0
"635";"M";930;3,43;54;3;3;3;0
"636";"M";950;3,09;60;4;4;4;1
"637";"M";730;3,03;52;2;3;4;0
"638";"M";1210;3,58;43;3;3;4;0
"639";"M";1340;3,34;45;3;4;3;0
"640";"F";710;3,23;46;3;3;3;0
"641";"M";690;3,08;53;3;3;3;0
"642";"F";1350;3,57;70;3;3;4;0
"643";"M";1280;3,45;57;4;3;3;0
"644";"F";1320;3,51;46;3;3;4;0
"645";"M";1120;3,57;74;3;4;4;0
"646";"M";1280;3,67;76;2;3;3;0
"647";"F";1100;3,51;44;3;3;3;0
"648";"M";1360;3,43;95;4;4;3;1
"649";"F";930;3,1;62;3;3;3;0
"650";"F";1260;3,58;75;4;4;5;1
"651";"M";1400;3,58;82;4;4;3;1
"652";"F";1120;3,59;50;4;5;4;0
"653";"M";960;3,15;54;2;3;4;0
"654";"F";1460;3,61;53;3;4;4;0
"655";"F";960;3,32;62;2;3;3;0
"656";"M";420;2,89;61;3;4;3;0
"657";"M";1150;3,53;56;3;4;3;0
"658";"F";800;3,01;50;5;3;3;0
"659";"F";1210;3,41;69;3;4;3;0
"660";"F";740;3,22;52;3;4;3;0
"661";"M";1190;3,51;79;4;4;4;1
"662";"F";1000;2,67;58;4;4;4;0
"663";"F";1130;3,32;57;4;4;4;0
"664";"F";1010;3,62;61;4;3;4;0
"665";"M";660;3,36;56;3;3;3;0
"666";"F";760;2,97;64;4;3;3;0
"667";"M";1280;3,55;70;4;3;4;0
"668";"M";880;2,89;69;4;4;3;1
"669";"F";1370;3,57;52;4;4;3;0
"670";"F";1020;3,52;41;3;3;3;0
"671";"F";1310;3,26;61;3;4;3;0
"672";"F";1090;3,44;49;4;4;4;0
"673";"F";950;3,13;50;2;4;4;0
"674";"F";1280;3,59;58;3;4;3;0
"675";"M";820;3,55;35;3;3;4;0
"676";"F";1350;3,47;47;5;3;3;0
"677";"F";1230;3,58;52;4;3;3;0
"678";"M";1250;3,41;74;3;4;4;0
"679";"M";1120;3,53;43;3;3;3;0
"680";"M";1090;3,45;87;3;3;3;0
"681";"F";1430;3,44;73;3;3;4;0
"682";"F";1080;3,48;78;3;3;3;0
"683";"F";1450;3,67;74;3;4;3;0
"684";"M";1090;3,52;71;4;4;3;1
"685";"M";1100;3,52;80;4;4;4;1
"686";"F";1160;3,66;29;3;3;3;0
"687";"M";1090;3,47;53;1;4;4;0
"688";"F";1380;3,55;71;3;3;3;0
"689";"F";1240;3,43;78;4;4;3;0
"690";"M";970;2,97;74;4;4;3;1
"691";"M";960;2,8;63;4;3;3;0
"692";"M";980;3,07;52;4;3;4;0
"693";"F";1480;3,58;94;4;4;3;0
"694";"F";880;3,33;76;4;4;3;1
"695";"F";1150;3,37;70;4;4;4;1
"696";"F";930;3,04;50;4;3;4;0
"697";"F";1300;3,49;57;3;4;3;0
"698";"F";1170;3,61;58;3;4;3;0
"699";"M";1030;3,63;62;4;4;3;1
"700";"M";820;3,22;51;2;4;3;0
"701";"F";1110;3,49;62;4;3;4;0
"702";"F";1020;3,26;96;4;4;4;1
"703";"M";850;3,33;67;2;3;3;0
"704";"M";880;2,76;14;3;4;3;0
"705";"M";1460;3,66;67;3;3;3;0
"706";"F";1160;3,44;83;3;4;3;0
"707";"F";770;3,22;62;4;3;3;0
"708";"F";870;3;56;2;3;4;0
"709";"F";930;3,09;55;4;5;3;0
"710";"F";1260;3,57;90;4;4;3;1
"711";"F";1200;3,33;72;3;4;3;0
"712";"F";930;3,55;55;3;3;3;0
"713";"F";1160;3,46;82;3;3;3;0
"714";"F";820;3,15;53;3;3;3;0
"715";"F";1010;3,66;43;3;3;3;0
"716";"F";1230;3,53;74;3;4;3;0
"717";"F";840;3,26;66;3;4;4;0
"718";"F";1320;3,53;69;2;4;3;0
"719";"F";1070;3,59;51;4;3;3;0
"720";"F";1220;3,36;55;5;4;4;0
"721";"F";1290;3,5;79;4;4;3;0
"722";"M";1120;3,55;79;3;3;4;0
"723";"M";770;2,9;19;3;3;3;0
"724";"M";1050;3,61;58;4;3;4;0
"725";"F";1160;3,42;53;4;3;3;0
"726";"F";940;3,19;85;4;3;4;0
"727";"M";1070;3,52;64;3;4;3;0
"728";"F";1050;3,57;41;4;4;3;0
"729";"F";840;3,08;62;4;4;4;1
"730";"F";920;3,05;57;4;3;4;0
"731";"F";970;3,21;36;4;4;3;1
"732";"F";890;2,8;50;3;3;3;0
"733";"F";1200;3,87;30;3;3;3;0
"734";"M";1110;3,66;85;4;4;3;1
"735";"M";1400;3,26;38;3;3;3;0
"736";"M";1310;3,5;44;2;4;3;0
"737";"M";1130;3,52;69;2;4;3;0
"738";"M";960;3,38;73;3;3;3;0
"739";"F";1030;3,58;65;4;4;4;1
"740";"F";1170;3,43;68;3;3;3;0
"741";"F";1350;3,6;81;3;3;3;0
"742";"F";890;3,56;59;4;3;4;0
"743";"M";1100;3,43;68;2;3;3;0
"744";"M";1080;3,49;68;3;3;3;0
"745";"F";1530;3,56;94;4;4;3;1
"746";"F";580;3,01;69;3;4;4;0
"747";"M";1430;3,44;46;3;4;3;0
"748";"M";780;3,2;64;4;3;3;0
"749";"M";520;3,51;65;4;4;4;0
"750";"F";1050;3,51;61;4;3;3;0
"751";"F";1070;3,66;48;4;3;3;0
"752";"F";1050;3,45;69;4;4;4;1
"753";"F";1080;3,38;41;4;4;4;0
"754";"F";810;2,92;61;4;3;4;0
"755";"F";1170;3,57;59;2;3;3;0
"756";"M";1080;3,42;71;3;3;4;0
"757";"F";1330;3,47;51;4;4;3;0
"758";"F";1120;3,55;88;4;4;4;1
"759";"M";880;3,11;61;4;4;4;1
"760";"M";1110;3,55;59;3;3;4;0
"761";"M";1120;3,62;79;4;4;4;1
"762";"F";1370;3,43;81;3;3;3;0
"763";"M";1000;3,56;80;4;3;3;0
"764";"M";1250;3,47;82;3;4;3;0
"765";"F";1040;3,43;62;4;3;4;0
"766";"F";1320;3,48;94;3;4;3;0
"767";"M";1370;3,7;90;3;3;4;0
"768";"M";1250;3,49;59;4;4;4;0
"769";"F";1110;3,5;69;2;4;3;0
"770";"F";1440;3,55;54;4;4;4;0
"771";"F";980;2,91;59;3;4;3;0
"772";"M";1350;3,38;33;4;4;4;0
"773";"F";960;3,29;43;3;3;4;0
"774";"F";1000;3,19;56;4;3;3;0
"775";"F";980;3,03;67;3;3;4;0
"776";"M";1110;3,6;57;4;3;3;0
"777";"F";1140;3,49;46;3;4;3;0
"778";"M";1290;3,43;84;3;4;4;0
"779";"M";1080;3,54;52;4;4;4;0
"780";"F";1320;3,48;83;3;3;3;0
"781";"M";1170;3,48;58;2;3;3;0
"782";"F";890;3,17;48;3;3;3;0
"783";"F";1000;3,03;40;3;4;3;0
"784";"M";1080;3,49;70;3;4;4;1
"785";"M";1240;3,65;78;4;4;4;1
"786";"M";1180;3,44;62;4;4;4;1
"787";"M";1160;3,6;99;4;4;4;1
"788";"F";1050;3,52;94;3;3;3;0
"789";"M";1070;3,47;73;5;3;3;0
"790";"F";1260;3,44;61;2;4;4;0
"791";"F";1390;3,46;71;4;4;3;1
"792";"F";1120;3,47;51;2;3;3;0
"793";"F";1190;3,61;65;3;4;3;0
"794";"M";1050;3,42;92;4;3;3;0
"795";"F";1220;3,66;50;4;4;3;0
"796";"F";1170;3,48;58;2;3;4;0
"797";"M";1010;3,43;56;2;3;3;0
"798";"F";1020;3,43;55;3;4;4;0
"799";"M";1170;3,52;52;2;3;3;0
"800";"M";960;3,25;43;3;5;3;0
"801";"M";1020;3,67;36;3;4;3;0
"802";"M";1190;3,48;70;2;3;4;0
"803";"M";1400;3,49;76;3;4;3;0
"804";"F";1300;3,52;70;3;4;3;0
"805";"F";1030;3,51;68;4;3;4;0
"806";"F";730;3;40;3;3;4;0
"807";"F";1350;3,43;81;3;3;3;0
"808";"M";1120;3,6;79;4;4;4;1
"809";"F";1300;3,38;83;4;4;4;1
"810";"F";1160;3,4;56;3;3;3;0
"811";"F";1040;3,46;38;4;3;4;0
"812";"M";1230;3,47;83;4;4;5;1
"813";"M";1410;3,61;41;3;3;4;0
"814";"F";1010;3,44;56;3;4;4;0
"815";"M";920;2,75;84;3;3;3;0
"816";"M";1170;3,48;58;3;3;3;0
"817";"M";1160;3,47;52;2;3;3;0
"818";"M";1160;3,66;76;4;4;4;1
"819";"F";1210;3,64;45;4;3;3;0
"820";"M";1130;3,39;49;4;4;3;0
"821";"M";1040;3,54;73;4;4;4;1
"822";"M";1010;3,37;61;5;4;4;0
"823";"F";1160;3,42;60;4;4;3;1
"824";"M";1100;3,44;21;2;3;3;0
"825";"M";1190;3,42;75;2;3;3;0
"826";"F";1560;3,52;73;3;3;3;0
"827";"F";1100;3,47;28;3;4;3;0
"828";"M";1190;3,53;56;4;4;4;0
"829";"F";1200;3,62;58;2;3;4;0
"830";"M";1050;3,62;26;4;4;3;1
"831";"F";970;3,26;40;3;3;3;0
"832";"M";1320;3,29;59;3;4;3;0
"833";"M";1060;3,47;50;4;4;3;0
"834";"M";970;3,33;83;4;3;4;0
"835";"M";860;3,12;31;3;3;3;0
"836";"M";1100;3,55;43;2;4;4;0
"837";"M";1270;3,62;89;4;4;3;1
"838";"F";1130;3,44;65;3;3;3;0
"839";"F";820;2,93;37;3;2;3;0
"840";"M";780;3;41;2;3;4;0
"841";"M";1090;3,51;53;4;4;4;0
"842";"F";890;2,84;46;3;3;3;0
"843";"F";1320;3,66;36;2;4;2;0
"844";"F";1140;3,52;80;4;4;4;1
"845";"M";830;2,82;66;3;3;3;0
"846";"M";1380;3,69;74;4;3;3;0
"847";"F";740;3,33;46;4;4;3;0
"848";"F";1040;3,28;58;3;3;4;0
"849";"M";1140;3,7;28;4;4;4;1
"850";"F";1080;3,26;63;4;4;3;1
"851";"M";1030;3,61;68;5;3;3;0
"852";"M";1320;3,61;80;4;4;4;1
"853";"M";1130;3,46;56;3;3;4;0
"854";"M";900;2,69;47;3;3;4;0
"855";"F";1100;3,47;59;3;3;3;0
"856";"M";1240;3,54;80;4;3;4;0
"857";"F";880;3,21;64;4;3;4;0
"858";"M";890;3,02;62;3;4;3;0
"859";"M";1070;3,52;61;3;3;3;0
"860";"M";1130;3,52;61;2;3;3;0
"861";"M";880;2,83;61;3;4;4;0
"862";"F";740;3,05;62;4;3;4;0
"863";"M";840;3,06;35;3;3;3;0
"864";"F";1220;3,63;81;4;4;4;1
"865";"F";650;3,34;65;4;4;4;1
"866";"F";1230;3,52;74;4;4;4;0
"867";"F";1240;3,29;95;3;3;4;0
"868";"F";1080;3,54;64;3;4;3;0
"869";"F";1170;3,47;49;3;3;3;0
"870";"M";1410;3,58;57;4;3;4;0
"871";"M";870;3,58;54;2;4;3;0
"872";"M";960;3,46;27;5;2;3;0
"873";"M";1030;3,41;53;3;4;4;0
"874";"F";1100;3,47;25;2;4;3;0
"875";"M";1340;3,35;82;2;3;3;0
"876";"M";890;3,43;32;2;2;3;0
"877";"M";1270;3,35;74;3;3;3;0
"878";"M";1240;3,33;57;3;4;3;0
"879";"M";970;3,42;61;3;4;4;0
"880";"M";1160;3,5;76;3;3;3;0
"881";"M";1380;3,23;88;5;4;3;1
"882";"F";1250;3,63;58;2;4;4;0
"883";"F";720;3,29;55;4;4;3;0
"884";"M";1020;3,43;69;4;4;4;1
"885";"F";1150;3,5;71;4;4;4;1
"886";"F";1120;3,62;69;3;3;3;0
"887";"F";1450;3,53;84;3;3;3;0
"888";"M";1100;3,54;93;5;3;4;0
"889";"M";950;3,01;58;4;3;4;0
"890";"M";950;3,13;43;2;2;3;0
"891";"F";1360;3,44;88;4;4;4;1
"892";"M";920;2,79;74;4;3;3;0
"893";"F";1070;3,37;49;2;5;4;0
"894";"M";1300;3,56;38;5;3;3;0
"895";"F";850;2,94;67;4;4;4;1
"896";"M";1030;3,48;46;4;4;4;0
"897";"F";950;2,93;57;2;3;4;0
"898";"M";1330;3,5;30;3;4;4;0
"899";"M";1440;3,42;71;4;4;3;0
"900";"F";1430;3,44;98;4;4;4;1
"901";"M";1440;3,27;61;2;3;3;0
"902";"M";1150;3,33;52;5;3;3;0
"903";"M";1060;3,34;64;4;4;3;1
"904";"F";1230;3,48;89;4;4;4;1
"905";"F";1320;3,39;54;4;3;4;0
"906";"F";960;2,88;37;4;3;3;0
"907";"F";1040;3,54;51;3;4;3;0
"908";"M";1260;3,5;39;4;4;3;0
"909";"F";1070;3,45;48;3;4;3;0
"910";"M";950;3,38;57;4;3;4;0
"911";"M";1350;3,34;88;3;3;3;0
"912";"M";930;3,2;72;4;2;4;0
"913";"M";1090;3,43;52;2;2;3;0
"914";"M";960;3,15;56;3;4;4;0
"915";"F";1420;3,59;62;4;4;3;1
"916";"F";970;3,1;51;3;3;3;0
"917";"F";1240;3,55;55;4;4;3;0
"918";"M";1050;3,47;44;3;4;4;0
"919";"M";1320;3,28;60;3;3;4;0
"920";"M";1320;3,45;79;2;4;3;0
"921";"M";1230;3,21;72;3;4;3;0
"922";"F";1240;3,68;65;3;3;3;0
"923";"M";1340;3,5;87;4;4;4;1
"924";"M";1270;3,63;89;3;3;3;0
"925";"M";920;3,3;8;3;4;3;0
"926";"F";1440;3,48;73;3;4;4;0
"927";"M";1110;3,71;61;2;4;3;0
"928";"M";1020;3,41;33;3;4;3;0
"929";"M";1150;3,58;62;4;3;3;1
"930";"M";1040;3,5;50;3;3;4;0
"931";"M";1220;3,57;72;3;4;3;0
"932";"M";1360;3,37;83;4;4;3;1
"933";"M";1140;3,72;58;3;3;4;0
"934";"F";1030;3,53;59;2;3;3;0
"935";"M";1230;3,45;77;4;4;3;1
"936";"F";1240;3,38;63;3;3;3;0
"937";"M";1350;3,35;72;4;4;4;1
"938";"F";1110;3,32;59;4;3;3;0
"939";"F";790;3,28;49;4;3;4;0
"940";"F";1050;3,33;48;2;4;4;0
"941";"M";1070;3,5;76;3;4;3;0
"942";"M";980;2,92;65;2;3;4;0
"943";"M";1340;3,61;89;4;4;4;1
"944";"M";1190;3,54;91;3;3;3;0
"945";"F";1270;3,31;49;4;3;3;0
"946";"F";820;2,7;61;4;3;3;0
"947";"M";1310;3,51;88;4;4;4;1
"948";"F";640;2,86;58;3;3;3;0
"949";"F";1120;3,65;71;4;4;5;1
"950";"M";1140;3,6;59;3;3;3;0
"951";"F";1330;3,68;78;3;3;3;0
"952";"M";1240;3,54;66;4;4;3;1
"953";"F";1140;3,17;58;2;3;3;0
"954";"F";1320;3,56;61;3;3;3;0
"955";"F";1230;3,52;57;3;4;5;0
"956";"F";860;3;61;2;5;3;0
"957";"F";1240;3,33;25;3;4;4;0
"958";"F";930;3,1;49;4;3;3;0
"959";"F";1270;3,49;69;2;4;4;0
"960";"M";1250;3,43;66;2;4;3;0
"961";"M";1040;3,46;69;4;4;4;1
"962";"F";1260;3,55;62;1;4;4;0
"963";"M";1000;3,4;58;3;4;4;0
"964";"F";1250;3,44;38;3;3;3;0
"965";"F";1480;3,43;91;3;4;3;0
"966";"F";590;3,23;55;4;3;4;0
